32875726
37682448
20890085
36324388
30052522
30083785
24411407
19699491
15211666
33505345
38564053
32991243
8101038
32617873
8104633
15710861
1684088
16110195
30828547
31922587
17438611
17438600
9888390
36100438
32855001
32113700
1352356
24478108
26890752
31319425
20123124
32950023
23559313
27374302
16883521
32034743
26131420
21265945
7833949
24334127
37893556
1424240
22854541
10633138
28289594
11164193
25297594
21896413
11020646
7906921
12813767
20635403
18478261
1353340
19454329
8982952
20149051
19054018
18316257
22302699
15372517
15194959
16782379
18664089
